      0/29     6.69G      6.89      39.1         0        46        15       512         0         0   0.00821         0       5.5      1.69         0
      1/29     11.7G      5.07      1.68         0      6.75        14       512         0         0     0.268         0      4.07      1.72         0
      2/29     11.7G      4.28      1.73         0      6.01        12       512         0         0   0.00442         0      6.43      4.57         0
      3/29     11.7G      3.84      1.18         0      5.02        12       512    0.0303      0.54    0.0211    0.0574       6.4       6.2         0
      4/29     11.7G      4.43     0.634         0      5.07        14       512    0.0376     0.715    0.0351    0.0714      4.66      6.87         0
      5/29     11.7G      3.51     0.472         0      3.98        11       512     0.109     0.935     0.186     0.196      3.52      2.29         0
      6/29     11.7G      3.58      0.47         0      4.05        15       512     0.369     0.935      0.57     0.529      3.03     0.482         0
      7/29     11.7G      3.45     0.503         0      3.95        17       512     0.505     0.955     0.828     0.661      3.32     0.386         0
      8/29     11.7G      3.42     0.417         0      3.84        15       512      0.49     0.865     0.514     0.626      2.96     0.629         0
      9/29     11.7G      3.08     0.446         0      3.52        14       512     0.382      0.97     0.573     0.549         3      0.43         0
     10/29     11.7G      3.13     0.448         0      3.58        14       512     0.706      0.95     0.889      0.81      2.84     0.367         0
     11/29     11.7G      2.91     0.408         0      3.32        15       512     0.614      0.91     0.745     0.734       2.8     0.442         0
     12/29     11.7G      2.81     0.419         0      3.23        13       512     0.875     0.841     0.885     0.857      2.31     0.408         0
     13/29     11.7G      2.88     0.381         0      3.26        11       512     0.602      0.86     0.797     0.708      3.01     0.371         0
     14/29     11.7G       2.8      0.39         0      3.19        12       512     0.732     0.965     0.931     0.832       2.5     0.319         0
     15/29     11.7G      2.54      0.32         0      2.86        11       512      0.57     0.953     0.718     0.713      1.86     0.386         0
     16/29     11.7G      2.44     0.357         0       2.8        12       512      0.65     0.915     0.796      0.76       2.2     0.417         0
     17/29     11.7G       2.4     0.327         0      2.73        10       512     0.989     0.909     0.979     0.947      1.98     0.356         0
     18/29     11.7G      2.19     0.333         0      2.52        15       512     0.917     0.975     0.989     0.945      2.18     0.269         0
     19/29     11.7G      2.16     0.317         0      2.48        12       512     0.934      0.97      0.99     0.952      1.81     0.287         0
     20/29     11.7G      2.03     0.311         0      2.34        12       512     0.895      0.97     0.967     0.931      1.72     0.265         0
     21/29     11.7G      1.83     0.295         0      2.12        15       512     0.717     0.975     0.867     0.826      1.64      0.28         0
     22/29     11.7G      1.83     0.297         0      2.13        13       512     0.882     0.969     0.977     0.923      1.54     0.253         0
     23/29     11.7G      1.71     0.296         0         2        13       512     0.903     0.975     0.986     0.938      1.27      0.23         0
     24/29     11.7G       1.5     0.237         0      1.74        10       512     0.881      0.98     0.988     0.928      1.23      0.22         0
     25/29     11.7G      1.43     0.254         0      1.68        13       512     0.894      0.98     0.988     0.935      1.16     0.213         0
     26/29     11.7G      1.44     0.242         0      1.68        14       512     0.923      0.98      0.99     0.951       1.1     0.205         0
     27/29     11.7G      1.43     0.255         0      1.68        13       512     0.938      0.98      0.99     0.958      1.12     0.203         0
     28/29     11.7G      1.29     0.246         0      1.54        18       512     0.974     0.975     0.992     0.974      1.06     0.201         0
     29/29     11.7G      1.31     0.229         0      1.54        16       512     0.966     0.975     0.993     0.971      1.06     0.198         0
